time,x,y,z,phi,theta,psi,x_velocity,y_velocity,z_velocity,phi_velocity,theta_velocity,psi_velocity,rotor_speed1,rotor_speed2,rotor_speed3,rotor_speed4
0.06,8.111021175088593e-08,-6.26113159854634e-08,10.001205076596566,6.282878785130148,6.283004689596456,0.0,1.0364565254616508e-05,-1.3837502559292929e-05,0.040168229166102756,-0.018037904457273782,-0.009837780785710046,0.0,416.9842628375126,416.12418671853743,419.1996939121989,417.6296959429172
0.12000000000000001,6.124487506906481e-06,-9.789175112410699e-06,10.004399961165841,6.282227737573807,6.282142518118034,0.0,0.0002553669777115543,-0.00038666895564153623,0.06632640404716578,0.0006217011408343118,-0.025468529922074032,0.0,413.8319955596017,412.45415187132227,411.6551110506198,413.30275101423797
0.18,5.0679976741544545e-05,-5.361029041899123e-05,10.012715670564194,6.282525193329555,6.280497788574504,0.0,0.0014017500715025918,-0.0010545726230061718,0.21084724506531657,0.012461605801483453,-0.03161346179925886,0.0,450.53893298962845,450.04174133534576,450.8644661264224,451.81979159484695
0.23999999999999996,0.00019668581848124376,-0.00012735688774874338,10.028122388584238,6.28279793925725,6.278744911469303,0.0,0.0036486081771887075,-0.0013432714723892376,0.302688926564178,-0.02014879284290317,-0.024804101950558703,0.0,434.6539826831197,435.2238951016043,435.15690036655576,432.41894557381994
0.3,0.0005232438915816574,-0.00022153570452256501,10.051429123696504,6.281888711146266,6.277048203469342,0.0,0.007414446249324878,-0.001913529615008051,0.47414518081626683,-0.0066767028159683325,-0.03633372825700957,0.0,459.8165048945353,458.90215527547645,458.3782219094001,459.4474997308037
0.36000000000000004,0.0011474906654441101,-0.0003725784231940786,10.08983830669275,6.282339594988709,6.275569296206378,0.0,0.013632929494544595,-0.003104963768432818,0.8059853436254437,0.02664550260542873,-0.007979978151439995,0.0,504.15024283965386,506.19432182237887,504.47266818460486,506.87267076008925
0.4200000000000001,0.00211832878253925,-0.0005697072337076671,10.140497280687958,0.0009073492793660876,6.275786953252094,0.0,0.018734232832240155,-0.0033003897728644768,0.8825906753913222,0.03392023494647336,0.02021775854815267,0.0,428.13976515056055,430.53185999979775,430.5467815622351,431.162026956732
0.48000000000000015,0.0033787589738626493,-0.0007433277583040696,10.194809580542499,0.0029199745361569995,6.27703585853309,0.0,0.023164217870062172,-0.002296971895988516,0.92778394900598,0.032780120729382224,0.021983646665823444,0.0,419.8740976709242,420.0272691707287,420.0240126455648,419.9256583411534
0.5400000000000001,0.004897737380197817,-0.0008093623912904307,10.254677046329949,0.004503194802762955,6.278272027139806,0.0,0.027329618849318858,0.00029212703009247863,1.0676778126265696,0.008817924396374915,0.01768759441444899,0.0,450.5397134857522,450.1922595225493,451.1381719650897,449.19957334794
0.6000000000000002,0.006646702783268341,-0.0006850247527257099,10.324229130054562,0.005287883395443949,6.278960754793912,0.0,0.03086328551799058,0.003927973216819448,1.2505429089775806,0.020467502145904207,-0.005368925017314352,0.0,464.5487879051201,462.73744535316166,463.0925048033431,464.007730052608
0.6600000000000003,0.008598064789674535,-0.0003191396241559,10.404829652852303,0.007704149435515006,6.278348435813161,0.0,0.034232007459851936,0.008494014258231404,1.435925195870428,0.064046166671272,-0.022253934466041205,0.0,466.1417227569963,464.82061485118135,462.300038553434,465.72139945783596
0.7200000000000003,0.010751963403744996,0.0003577753486143554,10.493048410494426,0.012477256554427107,6.277274849099342,0.0,0.037680272333816274,0.014498913935754414,1.5046072869436147,0.09986025016459868,-0.010352426612414183,0.0,429.0936488737319,430.1027554018415,426.7193395624054,429.77033847753563
0.7800000000000004,0.01314123111727782,0.0015183227314130403,10.587016289069428,0.018907026995925946,6.276823117781349,0.0,0.04201692859555621,0.02484133526804475,1.6274782378838515,0.11877564579348579,-0.0024075886314921385,0.0,446.45719977131336,447.1050086079082,445.13875474961577,446.69367614889745
0.8400000000000004,0.015823981265287737,0.0035217417745486866,10.692369997731213,0.025829573865141064,6.276918744702952,0.0,0.04740736023025595,0.04281178852088963,1.8839066217782938,0.10752893118634521,0.008589342924961404,0.0,485.8393423072818,486.66306768447805,487.27995472961396,486.4491178197546
0.9000000000000005,0.0188106016309739,0.006712881546195111,10.810776738369686,0.03216673472969411,6.277361278023836,0.0,0.05209011240998387,0.0642782696820054,2.0626588177215104,0.10150075488800313,0.004830141410385731,0.0,464.6305229928633,464.3356157768187,465.10286172360065,464.63973706348844
0.9600000000000005,0.02208334398102847,0.011420070436544543,10.94241106837404,0.038355828214373666,6.277666874993809,0.0,0.05696084845401545,0.09338493820015806,2.3246297981615243,0.1062616756558418,0.005614467680255976,0.0,490.19750581078796,490.25568927948603,488.8743276172549,489.2370968552369
1.0200000000000005,0.025628264872682154,0.017946911514397607,11.087584326555145,0.044703345189085475,6.278161739962226,0.0,0.061152450560847595,0.12489352271758535,2.514050152636005,0.10483637344112486,0.013053297230685044,0.0,467.8731627325202,468.4518234658515,471.15822276090876,471.0571203057568
1.0800000000000005,0.029402086744328444,0.026424295062528778,11.242203867553215,0.05066112677470436,6.278768025716005,0.0,0.06456575007884144,0.15832397944526813,2.639619615598052,0.0849217940733065,0.003437053561430037,0.0,451.7979157381818,451.0218271466158,451.78886148384066,450.18853101532835
1.1400000000000006,0.03336048007392402,0.03691891268376702,11.40219186557236,0.055399337407874505,6.278682696331902,0.0,0.06737201926541911,0.1919611598683148,2.6931599709260827,0.06311169366224938,-0.013544336723092954,0.0,430.4951570881941,429.0558958976846,429.23221175392564,427.38239703577335
1.2000000000000006,0.037504680044767605,0.049676532055489254,11.568200018623937,0.058695052601101416,6.278499801696082,0.0,0.07081450085717705,0.23366860944995885,2.840063357891372,0.028706367081909084,0.012354932640636166,0.0,457.42563558081025,459.4834958477436,460.3637940470069,457.635097215992
1.2600000000000007,0.04186636092356873,0.06516411062343883,11.745780287483669,0.06072533810012182,6.2794192718847945,0.0,0.07446936147462906,0.282778309336081,3.0786473877424325,0.04251153358048416,0.020685171718156155,0.0,485.8280631231978,486.45212608087735,486.5123076886196,487.54518177425405
1.3200000000000007,0.04642157166792218,0.08363879410602881,11.937440057423302,0.06397919821499443,6.280322423414919,0.0,0.0772340727080034,0.33336383890605076,3.3093424146326624,0.07093200863593262,0.00033725720108871305,0.0,485.769117565033,484.24076380963663,485.1024345245037,487.2334326991035
1.3800000000000008,0.05111055642010952,0.10489154606085804,12.137607994565895,0.06957239948145055,6.280429562278648,0.0,0.07905868564838402,0.37553577439824426,3.3627246491916902,0.11873307574878912,0.004535747254505337,0.0,433.3471116162367,433.699866548003,430.5035878510753,434.5361973015654
1.4400000000000008,0.0559039984061976,0.1287579830592471,12.340516286505785,0.07659773631885525,6.281410180775072,0.0,0.08065764305743976,0.4206590416586355,3.4007131010127196,0.11358292888499814,0.03314027586909445,0.0,427.1295676876765,429.5621822415194,428.8221296065956,428.39723816522866
1.5000000000000009,0.06077602738520078,0.15586478805361179,12.550838660122203,0.08398124747755897,6.28281378721849,0.0,0.08151629484383935,0.48369210462159756,3.6093132304325057,0.13730474622465597,-0.017303132844456802,0.0,483.6884561626174,479.8744950657151,480.0161111825011,481.8250894836945
1.560000000000001,0.06567397878791505,0.18628080221921456,12.766021805908652,0.09244644158282433,7.369294734260734e-05,0.0,0.08175468206265117,0.5308568996314507,3.5635263037516527,0.14773542521731559,0.03450226611773566,0.0,399.96544553002167,404.6564538729192,401.67074035489935,402.6363416358573
1.620000000000001,0.07057084059478763,0.21980665188374707,12.979934803794317,0.10157096486201489,0.001774414769384336,0.0,0.08130394869271071,0.5874561213933297,3.5667989867182968,0.15957684322651708,0.01170159018968392,0.0,419.3693112557563,417.38426042862216,418.81155130642475,419.8634442422217
1.680000000000001,0.07540582270741467,0.25735544208516326,13.198496725316218,0.11092404802210698,0.0028234325377907155,0.0,0.07976445436864715,0.6651525910145212,3.717977139081928,0.1472434807792432,0.02707710228002259,0.0,464.149603607074,465.35469134327184,467.7945941140484,466.85477225848973
1.740000000000001,0.0801268242305222,0.29957685077724494,13.424395238079972,0.11928652911188298,0.0046058393118837415,0.0,0.07742951929703185,0.7430626640264666,3.8115290118199425,0.11499471879448465,0.03450545756899311,0.0,449.29949390554674,449.901636151185,450.98572269116374,448.39034647066916
1.8000000000000012,0.08467718605256125,0.3464491498412194,13.654340791792011,0.12686187768603308,0.006298360975521611,0.0,0.07406870625235183,0.8200019830407486,3.8530614446491263,0.14246905380000205,0.011021748662454511,0.0,435.62227808761855,433.6541983578878,432.23060956691654,434.5544927327926
1.8600000000000012,0.08898753181687458,0.39830633451851133,13.888475048058092,0.13529658432997316,0.006908109349332392,0.0,0.06954681486291722,0.90937904794479,3.950918100067269,0.13650546087596782,0.008386022251760534,0.0,452.4913108085441,452.27893766280926,452.8638781274847,452.40186840564206
1.9200000000000013,0.09302671363336554,0.4554540994939885,14.126688655585925,0.14379896877981846,0.007686303006327222,0.0,0.06503269062809237,0.9962901518559005,3.989241617670082,0.15047191506907615,0.020844106644791416,0.0,433.7104499955551,434.7555128768086,434.45985975918546,435.64838794240353
1.9800000000000013,0.09677583407731395,0.518015839060207,14.36743657629059,0.1533038972119094,0.008953935819629777,0.0,0.05982012926541972,1.089934358432306,4.035335073657915,0.17083077465260577,0.021687446492882567,0.0,436.931889329954,437.00220178256467,437.82652201307434,439.54101643378067
2.0400000000000014,0.10015637356579611,0.5869062595426059,14.61429124498173,0.16323007805546563,0.010038555032959806,0.0,0.05273593409787633,1.2074189281839562,4.192328469030987,0.15157528251639546,0.009648809252580558,0.0,473.55882509541146,472.63174271357497,473.75420751246946,472.2952922025487
2.1000000000000014,0.10316369200393824,0.6618702640547999,14.863374715908023,0.1719188505529301,0.010789742223155763,0.0,0.04745468685631858,1.2920795572579127,4.110573557062808,0.12575113048782688,0.01771889587353872,0.0,396.79581905813717,397.5359801689172,398.1339460013287,395.7857029186264
2.1600000000000015,0.10579722001819204,0.7427311999679106,15.11148246475605,0.18008573193799915,0.011897622663474827,0.0,0.040228567018855715,1.403969001309287,4.159288316045998,0.15135847066167074,0.019915901875933367,0.0,441.38156747872193,441.5628085197342,439.449834631762,441.58439028856606
2.2200000000000015,0.10793485409869966,0.8310661526600713,15.36576626768711,0.18919952175211474,0.01302979383583569,0.0,0.030904007665391024,1.5413866756790673,4.315952783896729,0.15295010518726335,0.016690195731065668,0.0,475.44232093532435,475.1950174687237,475.35694420680886,475.498991388675
2.2800000000000016,0.10957422667294234,0.9266063025793352,15.622993412764485,0.19822147808966495,0.014274638475214374,0.0,0.023649416796952573,1.644004000649628,4.258267718913866,0.1446273074553665,0.027827482945195776,0.0,406.54231707853756,407.53917860515713,409.658955437247,408.9414827214267
2.3400000000000016,0.11071537781014264,1.0290001386982568,15.879490439666538,0.2071475099238187,0.01573683535153414,0.0,0.014244622045264199,1.7698601350392003,4.291221580445778,0.15596623887143787,0.01635993422272035,0.0,439.40241076502537,438.450693974968,438.15234724213605,439.1151077227931
2.4000000000000017,0.11125003941449037,1.139326695489773,16.138957881555392,0.21671180228530318,0.01673595718231269,0.0,0.0034860004069640262,1.9084975548791892,4.357102272340847,0.16551403203653708,0.017229884950653772,0.0,450.37190969386666,450.4421850523532,449.78978718181764,450.5861224196557
2.4600000000000017,0.11115806327590237,1.2576554917073666,16.40008709578219,0.22647970215768165,0.01765545325877582,0.0,-0.006635773531010318,2.036585435025822,4.346913288472075,0.15673221982888838,0.011213582454922752,0.0,426.20295599750045,425.6882870684423,427.9175094180403,427.1955456155645
2.520000000000002,0.11037123269380893,1.3847536122815203,16.664533105371873,0.23702009180628725,0.01831299563836275,0.0,-0.0196511385632538,2.2008908196733494,4.467045643014536,0.1987809261313757,0.010445032305240881,0.0,468.5789037749213,468.5190157648008,468.2223876996239,471.508975431121
2.580000000000002,0.10885595268088678,1.5210794698255605,16.93262396215904,0.2489596540995711,0.01886718290883671,0.0,-0.030907339470151188,2.344263091191016,4.468865222978256,0.19941223248222448,0.006702556668864581,0.0,434.07824758334374,433.76391149345994,432.95745043560896,433.0504646958208
2.640000000000002,0.10661367494175669,1.6667664081980627,17.202934229016048,0.2611635684320559,0.019290161458205723,0.0,-0.043866301761169686,2.512974926449462,4.540653315786047,0.21035995075864333,0.00773495427411291,0.0,456.08597536949947,456.1683224060679,457.8070578792921,458.7164891092727
2.700000000000002,0.10363638884650879,1.822114447199711,17.47490567764444,0.2737361613440541,0.020241644753515864,0.0,-0.05543818692519054,2.6662703066562705,4.524610821653189,0.20786065300212356,0.028507787455435786,0.0,429.07913119973995,430.83924412523896,430.78001419358736,430.61335866533557
2.760000000000002,0.09992679792995451,1.9870967478907822,17.746670784182957,0.2865498521702827,0.022104006889017036,0.0,-0.06837274475997072,2.8341218983715226,4.533611412518053,0.22302790886577126,0.035673734750528874,0.0,439.2496422984574,439.84393741350044,439.3106639627107,440.61187214402247
2.820000000000002,0.09540456199849806,2.1623790412822963,18.01893565166843,0.2995090136072207,0.024191394308645364,0.0,-0.08255513151776855,3.0096340752888873,4.541216555609335,0.19572175180995485,0.03296096865772823,0.0,441.0573404357458,440.8337248230378,441.5974461943984,439.38465981635255
2.880000000000002,0.0899439955999367,2.34899976240901,18.29349946454012,0.31133898603197796,0.026022522993290664,0.0,-0.09964162622753812,3.2119376066152157,4.609934370813622,0.19990467329889425,0.025123531108230266,0.0,462.39106041523723,461.77339692438443,461.7899359422562,462.1561747999762
2.940000000000002,0.08339186631725155,2.5483353228524446,18.573215362080155,0.32362652636924594,0.027305256964308633,0.0,-0.11889041502412041,3.433477044832879,4.71270175971387,0.21310124368208175,0.012579002144756837,0.0,475.63193447019387,474.67005742772085,474.02515312916154,475.0763638842795
3.000000000000002,0.07569317044782785,2.760817835508775,18.857869105789913,0.336684359848773,0.027870799946352776,0.0,-0.13778003377548148,3.650202956104978,4.774657210058547,0.2254112626341508,0.002225801513088627,0.0,465.2052545846853,464.3936132440508,463.99586277047825,465.0058042674814
3.0600000000000023,0.06696276675156963,2.985222183231127,19.14240782956507,0.3503489824603374,0.027919545054214012,0.0,-0.1532373859017259,3.8308725396055814,4.709511699243764,0.2320344765572072,-0.0021760583591747453,0.0,424.6349751806007,424.2571058041667,424.5125206160918,425.1346462894219
3.1200000000000023,0.05729968000181081,3.2207297331382887,19.423144118536474,0.36430941799457717,0.02777717548909564,0.0,-0.16884903566962525,4.0203141616264855,4.647833830101139,0.23392067849457834,-0.002769322080598448,0.0,427.2851118736258,427.23457097677107,426.5866384834331,426.80406132958944
3.1800000000000024,0.04658480757909419,3.4693200944113705,19.704043069400505,0.37925770099096123,0.028042091015949566,0.0,-0.1882956119475565,4.267014881173698,4.714097034228918,0.2691695175894021,0.015885237718874973,0.0,469.5973004061328,471.0423202530055,470.4616806516224,473.24002523462417
3.2400000000000024,0.03468884121795287,3.733052452679721,19.98895750839025,0.3956490106055064,0.029349883000254984,0.0,-0.20832735048131276,4.525159573330269,4.781501453256297,0.28019605270655995,0.03156847658835246,0.0,473.80294239800503,475.00736739450167,474.21957686194736,475.13594530968805
3.3000000000000025,0.02169347297973245,4.010834345111596,20.273654936816033,0.41200991985431834,0.031043900269162705,0.0,-0.2249914578765983,4.735288225560168,4.7076642833233375,0.25020340325886087,0.020554097092692007,0.0,430.6927671537588,429.7602151747837,432.0587931607798,429.5986238348204
3.3600000000000025,0.007548939630067266,4.303033829868906,20.557429302811713,0.42719193650788156,0.03195521274513613,0.0,-0.24657301672314957,5.005567111258832,4.749989692410629,0.25815559793366355,0.0014006956992148782,0.0,472.0479013109451,470.56716596367664,471.8386692334655,472.512337845326
3.4200000000000026,-0.007926344315084646,4.6119926637478255,20.844235243956593,0.443414452268061,0.03166253072451486,0.0,-0.26922469465480336,5.293946159756832,4.808471442455066,0.2875629868493404,-0.0219990052213578,0.0,481.0318045356414,479.2562591725421,479.36269669009914,481.6590865038854
3.4800000000000026,-0.024736826869257576,4.93838180095504,21.134067354463618,0.46114497113372543,0.03026500278192401,0.0,-0.29094634023034266,5.586660872454028,4.850772425692936,0.3079142034591831,-0.026012315571362226,0.0,479.4065654048584,479.10144992551113,477.95559259706135,479.5856527798629
3.5400000000000027,-0.04269407873761103,5.28075743678774,21.42251917458697,0.47955330833904775,0.028510425404768114,0.0,-0.30747906370978706,5.826874875367233,4.763252214314213,0.30449718069901804,-0.036645170436853836,0.0,439.27419530600025,438.39105660670674,438.8501238318709,438.66368696707497
3.6000000000000028,-0.06159128320658991,5.637445556346954,21.704934609435895,0.4975181008316172,0.026415006820665,0.0,-0.3222494818841214,6.063679442526236,4.649690085789449,0.2866095489533962,-0.03168624313002418,0.0,431.6851717618735,432.1029716126092,432.5270739256942,431.1113054881893
3.660000000000003,-0.08134055322565516,6.008530773319025,21.98036451975569,0.5143536912775346,0.024431231233645434,0.0,-0.3358985602587626,6.306652591014732,4.5304293318792235,0.26453505334826727,-0.03596852669123967,0.0,431.98772258497013,431.62590815798745,433.0319089612747,431.25206248305267
3.720000000000003,-0.10186588300762554,6.394167082701898,22.248140346321755,0.5303290207103695,0.022004392257831462,0.0,-0.34810011184975254,6.54860352751739,4.394676413422852,0.2694846678958594,-0.0513817992766213,0.0,427.75917964002645,426.4432350050408,428.5119570989993,429.0068831080852
3.780000000000003,-0.12310846974439471,6.795085804289026,22.508670904649236,0.5463265739507799,0.01880646844390821,0.0,-0.35971918117986224,6.81598307726581,4.288619201906849,0.26020483373932374,-0.057436542220553666,0.0,441.0945458407542,440.59219886820216,441.6564729225917,440.9623929359813
3.840000000000003,-0.14500019498126926,7.2123932402660635,22.76299290397947,0.561475024506918,0.015024417734606388,0.0,-0.36969746886144866,7.09477786577682,4.187655157811583,0.22888082888365463,-0.07761664189779494,0.0,446.2469253167334,444.59307643397887,447.0371038721856,444.5391930049786
3.900000000000003,-0.16744843039251617,7.647519935933577,23.012617921851188,0.5759178353053196,0.010559180071978425,0.0,-0.37814882451077797,7.409711077326511,4.131723654563591,0.2575098862854211,-0.06869524717554744,0.0,465.51065494335535,466.20435276315254,462.4993404951403,464.8034292551437
3.960000000000003,-0.1902966624208644,8.100242118804585,23.256505101388605,0.5911924914689122,0.006436324011147576,0.0,-0.3831347151741174,7.681462800949442,3.996859774890682,0.2479681845844136,-0.06875231622144613,0.0,438.118586231955,438.1101998153348,440.54675768922607,439.82255228363476
4.020000000000002,-0.21338008415244933,8.569484479741707,23.49229908028959,0.6064534908335633,0.0022269826075813626,0.0,-0.38598555077606433,7.96029637033025,3.8619044140408514,0.2647440634813469,-0.07311984486590885,0.0,441.7893869143682,441.4252154969921,441.00864851596987,442.4574876184693
4.080000000000001,-0.23656727287445828,9.055338803968546,23.71950990734358,0.6227514152174987,6.281466500772282,0.0,-0.38660896368331865,8.235220358304176,3.7107462929223467,0.28269496854378245,-0.05407781386097528,0.0,437.4889668957449,439.06870940281544,437.2895552965341,438.8579148475834
4.14,-0.25972434247254766,9.560435131701661,23.94112940565643,0.6397874006509126,6.278252822980047,0.0,-0.38498586213297054,8.601374414120588,3.6743711883730534,0.28629545817333923,-0.05254814796808477,0.0,484.170281213158,484.28375437903117,484.14869564048774,484.49401113196797
4.199999999999998,-0.282732055876304,10.086603847532334,24.15891667667862,0.6568123423458863,6.27561948014689,0.0,-0.3816969659321221,8.937661503245398,3.5833615479616356,0.27811127621768766,-0.030592446630827514,0.0,468.3320652968855,470.03611663294174,470.2384331597191,469.68060348898655
4.259999999999997,-0.3055156231453967,10.631930774903502,24.36954902214924,0.6739812714516953,6.274380980867301,0.0,-0.3776484858847039,9.24003029707161,3.4362979398368636,0.2986686110273498,-0.005845313347004069,0.0,451.8816915721149,453.8728384339068,451.4935518591381,453.2303612181948
4.319999999999996,-0.3280368035937347,11.195860337778383,24.57160476651612,0.6915628181446944,6.274547826178452,0.0,-0.37306488432350393,9.557657069780596,3.2972298717551047,0.2783254454866896,0.016041752363874867,0.0,459.045466416211,460.77959411855636,460.3093024093475,458.77971760582335
4.379999999999995,-0.350301347762454,11.778084267993103,24.764074101715128,0.7089428439993393,6.275454193691612,0.0,-0.36916295804487237,9.84984259257039,3.11711181140128,0.305946931072817,0.013166035566199235,0.0,448.5789425439406,448.3451654985552,445.3831728663561,447.7207555591486
4.439999999999993,-0.3723325658884734,12.379038747794137,24.946843649712335,0.7273824560576339,6.275789827470083,0.0,-0.3652743660847536,10.181812381545274,2.9733280530104715,0.30994638358400234,-0.01727187598469039,0.0,466.912896864523,464.5312784697469,466.36640012933253,466.7701828490821
4.499999999999992,-0.39410678609218575,13.002345825383271,25.123362610196597,0.7454217781876036,6.276085630507698,0.0,-0.3605348664522757,10.594437314652282,2.9078089396405042,0.2661975346270729,0.030398026562765575,0.0,500.6854595242563,504.1428724217584,502.87075258521367,499.76879885213293
4.559999999999991,-0.41565093370499573,13.646567332671784,25.29142551736169,0.7609317225205832,6.277697909741967,0.0,-0.35772721465745916,10.879399914086685,2.693162825540647,0.23507663532958448,0.01867348143534675,0.0,449.79428931700295,448.84351860375523,449.02577799325996,446.5583946664196
4.6199999999999894,-0.43704849513356014,14.30777944125605,25.446338216498816,0.7748161162470764,6.278571145582989,0.0,-0.35559690717242126,11.16067668726682,2.469671456957149,0.22283332003230696,0.004684312242649592,0.0,449.3613637260184,448.22533135678856,447.1421578197994,446.1960653212028
4.679999999999988,-0.45833126250485473,14.98542057488584,25.587278695933996,0.7879937983582135,6.278806664449382,0.0,-0.3538484730333186,11.427038869145273,2.227638482015239,0.21230722478622027,0.0023622977757749722,0.0,442.5850109296427,442.3936975281426,442.13103497969087,441.3105375831235
4.739999999999987,-0.4795053003183265,15.680167831962882,25.71474210310432,0.8004601613013476,6.2791169645980744,0.0,-0.35197443060252775,11.730546122173928,2.0201004959721574,0.19668927080427187,0.010269631163221457,0.0,459.47386585402467,460.10050921318157,459.8678165193687,458.66921847532734
4.799999999999986,-0.5005873435980283,16.39045384764037,25.827102799591618,0.8129100254634354,6.279457936049386,0.0,-0.3507870615433064,11.945520941699623,1.7251427674072173,0.22321871376669095,-0.00558624262883402,0.0,422.6362928009965,421.2667261662758,421.2568085236417,423.5896188581968
4.859999999999984,-0.5215688563746823,17.119613606358065,25.92738708605511,0.826413116131711,6.278780522211147,0.0,-0.3485643488828699,12.35827326572193,1.6153921055354057,0.22847976714931076,-0.0262596731012698,0.0,506.14341578025164,504.6529053460377,504.98937936153123,505.4124128862827
4.919999999999983,-0.5424335327647859,17.86839337525488,26.016199013663716,0.8397650027089387,6.2769948680096235,0.0,-0.34683436028627046,12.600626971732188,1.3444314248058424,0.2067142872373441,-0.0378890120692442,0.0,441.41745061672106,440.45594950287835,440.94382569543245,439.1903362639367
4.979999999999982,-0.5631722029855875,18.63181816660112,26.088821368522463,0.8521873122329433,6.275275387269318,0.0,-0.344349184127695,12.846326151743474,1.0758055093947372,0.2076780344520838,-0.014685442192372496,0.0,443.199861160951,445.10348273530536,442.31919831529217,442.44095556855603
5.0399999999999805,-0.583704522619685,19.413731465777573,26.148582457266237,0.8651243736515584,6.274290408417173,0.0,-0.3400062397343802,13.215902916929497,0.9144355269384725,0.2280230665526384,-0.020124410849384638,0.0,495.0762622278645,494.67585692355266,492.9575353599365,494.4996138685885
